mount:
  origin:
    xyz: -0.011817 -0.00005 0.044431
    rpy: 0 0 0
  mass: 4.093846
  inertia:
    xx: 2.24318121e-02
    xy: 1.38076000e-06
    xz: -1.57193710e-03
    yy: 1.64193182e-02
    yz: -1.44262100e-06
    zz: 2.17407036e-02