left:
  kinematic:
    x: 0.0369
    y: 0.05018
    z: 0.050885
    roll: -0.89334809
    pitch: -0.17456074
    yaw: -0.46334506

right:
  kinematic:
    x: 0.0369
    y: -0.05018
    z: 0.050885
    roll: 0.89334809
    pitch: -0.17456074
    yaw: 0.46334506